43 37 40 37
42 40 40 37
43 37 40 37
2 7 4 2
31000.00 27200.00 25400.00 26000.00
580000 400000 310000 230000
15845.37 13148.88 11695.13 12046.74
0 0 0 0
0.00 0.00 0.00 0.00
4000.00 12600.00 6800.00 2000.00
0.00 0.00 0.00 0.00
1333000.00 1006400.00 1016000.00 962000.00
1301350.83 951108.61 833705.10 704729.30
4299685.95 4243307.41 3217668.49 3545171.04
0.428039 0.194249 0.196395 0.216400 0.190654 0.417254 0.196395 0.216400 0.190654 0.194249 0.410815 0.216400 0.190654 0.194249 0.196395 0.350801
1000.00 800.00 900.00 600.00
1
2000.00 1800.00 1700.00 1000.00
36000.00 25000.00 24600.00 27000.00
30000.00 27000.00 24500.00 35900.00
