Mercedes  6                  5                   5                    4
         4                  4                   3                    4
         4                  4                   3                    4
         0                  0                   0                    0
 24000.00      14000.00         22000.00          30000.00
      5000               3000                8000                11000
  9194.57       2751.16         11055.62          13841.31
        14                  6                   7                    1
     14000               3000                1050                  250
         0                  0                   0                    0
         0                  0                   0                    0
     96000.00          56000.00             66000.00             120000.00
     74167.42          19755.80             64328.10              66615.24
    638685.31         226882.43            649471.21             725053.34
 0.260383 0.229770 0.247324 0.256141;  0.246539 0.310691 0.247324 0.256141;  0.246539 0.229770 0.258028 0.256141;  0.246539 0.229770 0.247324 0.231577;
 1000.00 500.00 150.00  250.00; 
 1; 
  200.00 100.00 100.00 110.00